$ANSIBLE_VAULT;1.2;AES256;dots
34393631363130393639643932393932646131633430636365316466353162326261666438373837
6234313837616561346337373730666231663133343635380a356534323564376163646434656531
66613263613232613465626630303663346132663337343163386466643664313932616433616339
6130313564313561370a383536303762326631353134623465316364393335616238613539613031
39333361306437366166373863316461396133373737663934333530323130366637363831626133
30643433383266313765396637363361363761376132303837386161666238353964353166313232
33323162393761313430303337373033653530303233363534373864346530626431616461303163
62633838633230613638626464613930306234326532643762656435373365356433366363376538
39333936393431343531616438613330386536303530633537626634333537363663633631353762
35646361333532633334303735663332396536656262323266306236613330656435326334386162
63663138323232333931346230343064653832323263626331386436666330353439663035353032
31333638313938386333356230376237613733633030303231323634323430316537336431633361
38623661626464353534333334653136303466613564306338613861383035396235
