$ANSIBLE_VAULT;1.2;AES256;dots
34373338356332636135613962393739636139646462613837646131633461376163663731396239
3738343936376566646235303162353064386230363534350a323439343766343461626361333961
39373532326439666436316265323561306461373830363734323430386236366230373866376131
6162666534386663360a376533613832386436373635373661626235343830366338373530353764
32383733623233623133393762323833663537303364393364353061373937313030613130663031
36393863356364393731303732643564393565613235343266616636373563383139386233356664
31353336313762613036376638356161623361346465656262393436643133656536626462303461
38646464373038353563653865376434303633353939326431396233363766336638383439376136
62383233313835343663333137316536633435323365373330383961383865313065396362386566
65303461383135323235373963636365636364396138393139633536366139336338316466613333
34383432646336393433393338376131313564363631626333613536343836333039323965643461
32653839303335343563376231666239393536663030326562653066623939303131326430616135
39646364626263393862343439353261613565383437613637343236646136633231653637326139
62306334623363306630346135346237316137666530616630396139643730626230643538646363
63333863303164626234303631613063646237373034396562373561393566346438316638346166
30663165356637613562623036633965313437663664393738633736313835316135663863366364
31613630323438326264633035303537323862383133316339656334623738306639383763383763
35376564366532393539346633663262646665666130373261383135626330316262346634363466
36633637663065316136613664623339646366396237346636643633663665303137633738306465
31336665623461663733356437666235323166393836353339386338643730643361366663353130
36333830323235346331616439303361663337633539616134613133343239353831636361313639
65343336393436633564303537326431333230663033333261306433613139393732316639333466
33333666656461656662646335656165626232666334316538303762633366323266653664383038
35616562346262613531
