$ANSIBLE_VAULT;1.2;AES256;dots
39356338313633343433633165373637393139626335303730363135613732623935613736616233
3933306431343064306633366536313065353539616633640a643339613438316439323439326639
32653265366461633165313336613466373361373361316131313937316330633735356662383261
3833393362303034310a323135356463636664663434623536376437623661373832376265636465
37386337666530613133386636373165313631373766323939643735306233303634303131633266
32646334326330313333633365616130303733633630646664653965343338336431663830303437
39306332363761323535613361396563303933663163663261336464663734323630666566323338
66633738646563323864613461313138363765393938363266623431393135623430366131333562
61663139336631616362366434636130616533343137303332653434626438353635363765323232
35613836623133373661326634326234393066376330626238333064633465626661363063633261
35623864663735333461333033643165386231643732663039626237333936613361613332653637
39666262376562633237633235353062316532643964373537303631383765646336393833666130
38343761313233613831653333643530353366366564623066626461646362336438323162613239
3734343536663734666131613638633961623630343937383339
